##FastQC	0.10.0
>>Basic Statistics	pass
#Measure	Value	
Filename	gata1_artifacts_trim_quality.fastq	
File type	Conventional base calls	
Encoding	Sanger / Illumina 1.9	
Total Sequences	9537867	
Filtered Sequences	0	
Sequence length	30-41	
%GC	43	
>>END_MODULE
>>Per base sequence quality	pass
#Base	Mean	Median	Lower Quartile	Upper Quartile	10th Percentile	90th Percentile
1	37.09426803707789	38.0	36.0	40.0	33.0	40.0
2	36.765570960467365	38.0	35.0	40.0	31.0	40.0
3	36.812100546170335	38.0	36.0	40.0	31.0	40.0
4	36.75394750209874	38.0	35.0	40.0	31.0	40.0
5	36.81511589540932	38.0	36.0	40.0	31.0	40.0
6	36.89404098421586	38.0	36.0	40.0	31.0	40.0
7	36.87742731157815	38.0	36.0	40.0	31.0	40.0
8	36.759524010976456	38.0	35.0	40.0	31.0	40.0
9	36.77001042266578	38.0	35.0	40.0	31.0	40.0
10	36.79370146385979	38.0	35.0	40.0	31.0	40.0
11	36.85963654137765	38.0	36.0	40.0	31.0	40.0
12	36.825454684994035	38.0	35.0	40.0	31.0	40.0
13	36.71871090255295	38.0	35.0	40.0	31.0	40.0
14	36.761496988792146	38.0	35.0	40.0	31.0	40.0
15	36.7140166664098	38.0	35.0	40.0	31.0	40.0
16	36.767042148941684	38.0	35.0	40.0	31.0	40.0
17	36.737754887963945	38.0	35.0	40.0	31.0	40.0
18	36.60548653068867	38.0	35.0	40.0	31.0	40.0
19	36.64499421096981	38.0	35.0	40.0	31.0	40.0
20	36.56480584180928	38.0	35.0	40.0	31.0	40.0
21	36.620422679410396	38.0	35.0	40.0	31.0	40.0
22	36.526698998843244	38.0	35.0	40.0	31.0	40.0
23	36.44601659888946	38.0	35.0	40.0	30.0	40.0
24	36.386379575223685	38.0	35.0	40.0	30.0	40.0
25	36.41858059039825	38.0	35.0	40.0	30.0	40.0
26	36.431532333172605	38.0	35.0	40.0	30.0	40.0
27	36.22946744801537	38.0	35.0	40.0	30.0	40.0
28	36.192733553529315	38.0	35.0	40.0	30.0	40.0
29	36.20931996640339	38.0	35.0	40.0	30.0	40.0
30	36.17487683566986	38.0	35.0	40.0	30.0	40.0
31	36.2376512727709	38.0	35.0	39.0	30.0	40.0
32	36.13634498417688	38.0	35.0	39.0	30.0	40.0
33	36.08894480910788	38.0	35.0	39.0	30.0	40.0
34	36.04728155637547	38.0	35.0	39.0	30.0	40.0
35	36.024460053076616	38.0	35.0	39.0	30.0	40.0
36	36.04935415793754	38.0	35.0	39.0	30.0	40.0
37	36.145149972937425	38.0	35.0	39.0	30.0	40.0
38	36.22538545664443	38.0	35.0	40.0	30.0	40.0
39	36.25880273498594	38.0	35.0	40.0	30.0	40.0
40	36.33133644701241	38.0	35.0	39.0	30.0	40.0
41	36.83835959900342	38.0	35.0	40.0	31.0	40.0
>>END_MODULE
>>Per sequence quality scores	pass
#Quality	Count
22	14.0
23	497.0
24	4614.0
25	21701.0
26	60000.0
27	114306.0
28	168329.0
29	214682.0
30	261601.0
31	310376.0
32	365901.0
33	436461.0
34	541815.0
35	702205.0
36	939343.0
37	1276305.0
38	1354553.0
39	2744006.0
40	21158.0
>>END_MODULE
>>Per base sequence content	warn
#Base	G	A	T	C
1	21.730409187693997	29.667914990853955	27.546494786467317	21.055181034984727
2	23.718479194562054	29.052701196189883	29.32872727204101	17.900092337207052
3	21.413708117339024	30.206166640822314	27.822205950240235	20.557919291598424
4	23.608863491176802	29.80190434611848	27.369568059609133	19.21966410309559
5	24.154645897243064	30.49544515560974	26.698673822983693	18.651235124163506
6	22.18276895662311	29.55757298775502	27.152915845859454	21.106742209762412
7	21.167636327912728	29.56519523704828	28.48466014466337	20.782508290375613
8	20.572828285401755	28.457117298867768	29.511325750296162	21.458728665434315
9	21.01214034542524	27.899927730172795	29.54731912281855	21.540612801583414
10	21.615440852760894	29.035548514148918	27.777783020040015	21.57122761305017
11	21.664057592751085	28.778918808576382	27.93217812745764	21.624845471214897
12	21.507943023319577	28.629063500256397	27.98136103176947	21.881632444654556
13	21.338324386364373	28.77492420475144	28.065237227568808	21.821514181315383
14	21.253598944082572	28.624345464242683	28.154240355836375	21.96781523583837
15	21.218276581126577	28.802488019595994	28.014397768389937	21.964837630887494
16	21.619068498229215	28.557747764778014	27.955223112253503	21.867960624739265
17	21.69424253871437	28.58202992346192	27.909699306983416	21.81402823084029
18	21.79647713686928	28.57863293753205	27.717874447190344	21.90701547840833
19	21.947569619077306	28.463680611189062	27.694556864758123	21.894192904975505
20	21.98383558923604	28.37844142720799	27.681377817493157	21.95634516606281
21	21.990839251585285	28.42932282448476	27.693686649226706	21.886151274703245
22	21.815212982105958	28.340078552154267	27.974399307518127	21.870309158221644
23	21.77344038753411	28.20102283421016	28.148428919313535	21.877107858942196
24	21.836234453678166	28.213939238196552	28.00511896422963	21.944707343895654
25	21.72882272888354	28.22210945478107	28.160764199785692	21.888303616549692
26	21.799070986183896	28.164264589442322	28.160385310912638	21.876279113461138
27	21.808075024594302	28.250423919447076	28.058230328045973	21.883270727912652
28	21.859436102925464	28.267544222935136	27.937349242972466	21.935670431166933
29	21.96190686081419	28.25573691634148	27.867168569632117	21.91518765321221
30	22.000087023213705	28.231913719104796	27.756588731961685	22.011410525719814
31	22.001017649402613	28.242393513080145	27.77026401482385	21.986324822693394
32	21.97288012453389	28.347072337202057	27.755321305472247	21.92472623279181
33	22.066537270055147	28.27091517584582	27.787920564932193	21.874626989166842
34	22.036169828907564	28.275535111988525	27.76695109103603	21.921343968067877
35	22.015741078313216	28.290467525203393	27.828371194813755	21.86542020166963
36	22.01021170482328	28.260409597787362	27.783926127947105	21.945452569442246
37	21.874379525913355	28.36862677398026	27.87930497906425	21.877688721042134
38	21.93728509208635	28.39834792012838	27.82788386112277	21.836483126662497
39	21.945697443058936	28.384555080863862	27.838122907477388	21.831624568599818
40	21.993013167177125	28.351492996761095	27.827696404563657	21.827797431498126
41	22.10953279991069	28.419392035316744	27.638959792878065	21.832115371894506
>>END_MODULE
>>Per base GC content	pass
#Base	%GC
1	42.78559022267872
2	41.618571531769106
3	41.97162740893745
4	42.82852759427239
5	42.80588102140656
6	43.28951116638552
7	41.95014461828834
8	42.03155695083608
9	42.55275314700865
10	43.18666846581107
11	43.288903063965975
12	43.389575467974126
13	43.159838567679756
14	43.22141417992094
15	43.18311421201407
16	43.48702912296848
17	43.508270769554656
18	43.703492615277604
19	43.84176252405281
20	43.940180755298854
21	43.87699052628853
22	43.685522140327606
23	43.650548246476305
24	43.78094179757382
25	43.617126345433235
26	43.67535009964503
27	43.69134575250695
28	43.7951065340924
29	43.8770945140264
30	44.01149754893352
31	43.987342472096
32	43.8976063573257
33	43.941164259221985
34	43.95751379697544
35	43.88116127998285
36	43.95566427426553
37	43.75206824695549
38	43.77376821874884
39	43.777322011658754
40	43.82081059867525
41	43.94164817180519
>>END_MODULE
>>Per sequence GC content	pass
#GC Content	Count
0	186.0
1	253.5
2	323.5
3	326.0
4	510.5
5	739.0
6	1158.0
7	1558.5
8	1613.5
9	2515.5
10	3433.5
11	5482.5
12	7528.0
13	11560.5
14	15639.0
15	15772.0
16	23536.0
17	31348.0
18	44173.0
19	57280.0
20	57725.0
21	78762.5
22	100051.0
23	131134.0
24	162659.5
25	163740.0
26	206649.0
27	249783.5
28	305260.5
29	361310.0
30	430252.5
31	499362.5
32	501427.0
33	570942.0
34	641166.5
35	697109.5
36	753392.5
37	755804.5
38	789709.5
39	824499.5
40	836072.5
41	847103.5
42	848542.5
43	851122.0
44	854056.0
45	840921.5
46	827548.0
47	828440.5
48	803215.5
49	777566.5
50	734285.5
51	690352.5
52	631888.0
53	573346.5
54	571301.5
55	507982.0
56	443900.5
57	382000.0
58	321131.5
59	318289.5
60	266087.0
61	214025.0
62	174926.0
63	137008.5
64	134768.5
65	107421.0
66	80804.5
67	64385.0
68	48328.5
69	47113.0
70	37185.5
71	27522.5
72	22043.5
73	16757.5
74	13629.5
75	10572.0
76	10106.5
77	7950.5
78	5902.5
79	4660.0
80	3549.5
81	3359.5
82	2582.0
83	1916.5
84	1495.0
85	1053.0
86	949.5
87	707.0
88	493.0
89	357.0
90	231.5
91	171.0
92	111.0
93	89.5
94	61.5
95	32.5
96	13.5
97	4.0
98	3.5
99	2.0
100	1.0
>>END_MODULE
>>Per base N content	pass
#Base	N-Count
1	0.06733161617791483
2	0.0
3	0.0
4	0.0
5	0.0
6	0.0
7	0.0
8	0.0
9	0.0
10	0.0
11	0.0
12	0.0
13	0.0
14	0.0
15	0.0
16	0.0
17	0.0
18	0.0
19	0.0
20	0.0
21	0.0
22	0.0
23	0.006731064712896501
24	0.0
25	4.927726503210833E-4
26	1.1532976922408332E-4
27	9.226381537926666E-4
28	0.0017718846362609166
29	3.5647383214716666E-4
30	0.0019081834544348332
31	9.68979899038614E-4
32	0.008580101732179187
33	0.0015091704796966969
34	0.002876380160167845
35	7.429537207759154E-5
36	5.348455628088933E-5
37	0.0
38	0.0058118606350133295
39	0.008295520837821816
40	7.339509746653075E-4
41	0.0
>>END_MODULE
>>Sequence Length Distribution	warn
#Length	Count
30	43346.0
31	7454.0
32	11663.0
33	19074.0
34	34478.0
35	73359.0
36	10875.0
37	11861.0
38	19530.0
39	41303.0
40	164198.0
41	9100726.0
>>END_MODULE
>>Sequence Duplication Levels	pass
#Total Duplicate Percentage	8.346402666143899
#Duplication Level	Relative count
1	100.0
2	2.307897973370408
3	0.7801721833057056
4	0.5315223784824341
5	0.3940965723758088
6	0.3154911502058713
7	0.2705737661087642
8	0.188759959360462
9	0.17913480562536763
10++	1.978503823324956
>>END_MODULE
>>Overrepresented sequences	pass
>>END_MODULE
>>Kmer Content	pass
>>END_MODULE