##FastQC	0.10.0
>>Basic Statistics	pass
#Measure	Value	
Filename	input.fastq	
File type	Conventional base calls	
Encoding	Sanger / Illumina 1.9	
Total Sequences	10000000	
Filtered Sequences	0	
Sequence length	41	
%GC	42	
>>END_MODULE
>>Per base sequence quality	pass
#Base	Mean	Median	Lower Quartile	Upper Quartile	10th Percentile	90th Percentile
1	36.6899317	38.0	35.0	40.0	31.0	40.0
2	36.2766411	38.0	35.0	40.0	30.0	40.0
3	36.283885	38.0	35.0	40.0	30.0	40.0
4	36.2077763	38.0	35.0	40.0	29.0	40.0
5	36.2856071	38.0	35.0	40.0	30.0	40.0
6	36.3174274	38.0	35.0	40.0	30.0	40.0
7	36.3424815	38.0	35.0	40.0	30.0	40.0
8	36.2066875	38.0	35.0	40.0	29.0	40.0
9	36.2097934	38.0	35.0	40.0	29.0	40.0
10	36.2320495	38.0	35.0	40.0	30.0	40.0
11	36.285201	38.0	35.0	40.0	30.0	40.0
12	36.2523332	38.0	35.0	40.0	30.0	40.0
13	36.1083418	38.0	35.0	40.0	29.0	40.0
14	36.1312139	38.0	35.0	40.0	29.0	40.0
15	36.1065273	38.0	35.0	40.0	29.0	40.0
16	35.5751399	38.0	35.0	40.0	28.0	40.0
17	36.0023253	38.0	35.0	40.0	29.0	40.0
18	35.9086149	38.0	35.0	40.0	29.0	40.0
19	35.8770167	38.0	35.0	40.0	29.0	40.0
20	35.8542281	38.0	35.0	40.0	29.0	40.0
21	35.9086035	38.0	35.0	40.0	29.0	40.0
22	35.8329707	38.0	35.0	40.0	29.0	40.0
23	35.8207063	38.0	35.0	40.0	29.0	40.0
24	35.6884162	38.0	35.0	40.0	29.0	40.0
25	35.6028932	38.0	35.0	40.0	28.0	40.0
26	35.5658202	38.0	35.0	40.0	28.0	40.0
27	35.4252117	38.0	35.0	40.0	28.0	40.0
28	35.3144968	38.0	34.0	40.0	28.0	40.0
29	35.2812871	38.0	34.0	39.0	28.0	40.0
30	35.2204562	38.0	34.0	39.0	28.0	40.0
31	35.1174847	38.0	35.0	39.0	28.0	40.0
32	35.0001251	38.0	34.0	39.0	27.0	40.0
33	34.8589215	38.0	33.0	39.0	27.0	40.0
34	34.8181833	38.0	33.0	39.0	27.0	40.0
35	34.6490731	38.0	33.0	39.0	27.0	40.0
36	34.5620442	38.0	33.0	39.0	26.0	40.0
37	34.5539653	38.0	33.0	39.0	26.0	40.0
38	34.4949272	38.0	33.0	39.0	26.0	40.0
39	34.4729538	38.0	33.0	39.0	26.0	40.0
40	34.4267588	38.0	33.0	39.0	26.0	40.0
41	34.529551	38.0	35.0	39.0	26.0	40.0
>>END_MODULE
>>Per sequence quality scores	pass
#Quality	Count
2	30028.0
3	1117.0
4	1495.0
5	2112.0
6	1920.0
7	3061.0
8	4590.0
9	5119.0
10	5241.0
11	6734.0
12	8291.0
13	9944.0
14	11784.0
15	14491.0
16	16974.0
17	19862.0
18	22186.0
19	25097.0
20	29002.0
21	34517.0
22	42759.0
23	53710.0
24	68882.0
25	88231.0
26	113359.0
27	143582.0
28	175845.0
29	211030.0
30	252037.0
31	297642.0
32	353056.0
33	423768.0
34	527762.0
35	685287.0
36	933007.0
37	1287357.0
38	1358752.0
39	2706715.0
40	23654.0
>>END_MODULE
>>Per base sequence content	warn
#Base	G	A	T	C
1	17.360820829394346	30.907949889524204	26.217470387917903	25.51375889316355
2	22.15621	30.19539	30.679810000000003	16.96859
3	22.287290000000002	31.41038	26.84742	19.45491
4	23.20387	30.212889999999998	27.043499999999998	19.53974
5	23.22319	31.35617	27.060499999999998	18.36014
6	21.560280000000002	29.89034	27.34376	21.20562
7	20.64468	29.63611	29.003020000000003	20.71619
8	19.59844	28.5458	30.515639999999998	21.340120000000002
9	20.07581	28.226620000000004	30.6587	21.038870000000003
10	20.70927	29.37381	28.76208	21.15484
11	20.81183	29.31317	28.72983	21.14517
12	20.85358	29.13041	28.742820000000002	21.27319
13	20.85959	29.07573	28.9088	21.15588
14	20.85141	29.113860000000003	28.6476	21.38713
15	20.68505	29.139490000000002	28.60908	21.56638
16	21.513199598838515	28.991707269316898	28.473615352376804	21.021477779467784
17	21.30058	28.90026	28.416770000000003	21.38239
18	21.290194258038852	28.827245765449156	28.330605666121134	21.55195431039086
19	21.28945	28.927770000000002	28.336830000000003	21.44595
20	21.357129999999998	28.80168	28.408620000000003	21.432570000000002
21	21.38904	28.846480000000003	28.433799999999998	21.330679999999997
22	21.150936345280904	28.809238642771597	28.66590859977258	21.373916412174925
23	21.002590051801036	28.86542730854617	28.91009820196404	21.221884437688754
24	21.095471324361213	28.817164901523746	28.84902627793521	21.238337496179835
25	20.957632559507022	28.857151143138864	28.934993789788855	21.250222507565258
26	21.030723036591457	28.81414501698945	29.085862214266616	21.069269732152474
27	21.129417649339118	28.648161162450446	29.098535682576998	21.12388550563343
28	21.173144135404755	28.70876555334282	28.844957810311815	21.273132500940612
29	21.143325585131937	28.738730608903783	28.805090882460576	21.3128529235037
30	21.263571060121507	28.773179567851848	28.664889318758252	21.298360053268397
31	21.326318001681276	28.71236139465994	28.672230895480567	21.289089708178217
32	21.394140699804186	28.76624072800345	28.54234839492942	21.297270177262945
33	21.50008332128136	28.742319053950656	28.570381961768295	21.187215662999694
34	21.523948803648388	28.795630502599305	28.447027651695443	21.233393042056864
35	21.487929195717413	28.825830848607325	28.481905803529965	21.2043341521453
36	21.507502883723312	28.765950532037948	28.548260440439204	21.178286143799536
37	21.48937396602663	28.766585102938013	28.57757286997984	21.166468061055514
38	21.536700071159277	28.759286485642537	28.55913976342293	21.14487367977525
39	21.496333018711223	28.787182321194297	28.573187888273537	21.14329677182094
40	21.547293149204055	28.741476520873455	28.60387321951572	21.107357110406774
41	21.55745329382776	28.86141008713387	28.56643954064711	21.014697078391258
>>END_MODULE
>>Per base GC content	pass
#Base	%GC
1	42.8745797225579
2	39.1248
3	41.742200000000004
4	42.74361
5	41.583330000000004
6	42.7659
7	41.36087
8	40.93856
9	41.11468
10	41.86411
11	41.957
12	42.12677
13	42.01547
14	42.23854
15	42.25143
16	42.5346773783063
17	42.68297
18	42.842148568429714
19	42.7354
20	42.7897
21	42.71972
22	42.524852757455825
23	42.224474489489786
24	42.333808820541044
25	42.20785506707228
26	42.09999276874393
27	42.253303154972556
28	42.44627663634537
29	42.45617850863564
30	42.5619311133899
31	42.61540770985949
32	42.691410877067135
33	42.68729898428105
34	42.75734184570525
35	42.692263347862706
36	42.685789027522844
37	42.655842027082144
38	42.681573750934525
39	42.63962979053216
40	42.654650259610825
41	42.57215037221902
>>END_MODULE
>>Per sequence GC content	pass
#GC Content	Count
0	326.0
1	417.0
2	508.0
3	508.0
4	742.5
5	977.0
6	1518.0
7	2059.0
8	2059.0
9	3315.0
10	4571.0
11	7294.0
12	10017.0
13	15354.5
14	20692.0
15	20692.0
16	30184.0
17	39676.0
18	55463.5
19	71251.0
20	71251.0
21	95499.0
22	119747.0
23	156251.5
24	192756.0
25	192756.0
26	242735.0
27	292714.0
28	360570.5
29	428427.0
30	510727.5
31	593028.0
32	593028.0
33	673891.0
34	754754.0
35	807994.5
36	861235.0
37	861235.0
38	888267.5
39	915300.0
40	909944.0
41	904588.0
42	904588.0
43	894586.5
44	884585.0
45	860779.5
46	836974.0
47	836974.0
48	805973.0
49	774972.0
50	724413.5
51	673855.0
52	607754.5
53	541654.0
54	541654.0
55	473417.5
56	405181.0
57	341153.5
58	277126.0
59	277126.0
60	226269.0
61	175412.0
62	139320.5
63	103229.0
64	103229.0
65	79624.5
66	56020.0
67	42340.5
68	28661.0
69	28661.0
70	21332.5
71	14004.0
72	10611.0
73	7218.0
74	5548.5
75	3879.0
76	3879.0
77	2969.0
78	2059.0
79	1630.0
80	1201.0
81	1201.0
82	920.0
83	639.0
84	490.0
85	341.0
86	341.0
87	272.0
88	203.0
89	139.0
90	75.0
91	51.0
92	27.0
93	27.0
94	20.5
95	14.0
96	10.5
97	7.0
98	7.0
99	22.5
100	38.0
>>END_MODULE
>>Per base N content	pass
#Base	N-Count
1	0.40804999999999997
2	0.0
3	0.0
4	0.0
5	0.0
6	0.0
7	0.0
8	0.0
9	0.0
10	0.0
11	0.0
12	0.0
13	0.0
14	0.0
15	0.0
16	3.7E-4
17	0.0
18	1.9999999999999998E-5
19	0.0
20	0.0
21	0.0
22	2.9999999999999997E-5
23	0.002
24	0.00432
25	0.0034
26	0.01737
27	0.03875
28	0.03837
29	0.04562
30	0.08334
31	0.076
32	0.10376999999999999
33	0.08555
34	0.09834999999999999
35	0.08288
36	0.05976
37	0.06996
38	0.0833
39	0.12357
40	0.13321
41	0.09511
>>END_MODULE
>>Sequence Length Distribution	pass
#Length	Count
41	1.0E7
>>END_MODULE
>>Sequence Duplication Levels	pass
#Total Duplicate Percentage	10.571486560932472
#Duplication Level	Relative count
1	100.0
2	1.8518518518518519
3	0.8959353283835338
4	0.644662754379708
5	0.5387500135092782
6	0.43824098390774785
7	0.3377319543062175
8	0.2842352127441127
9	0.23938440921224696
10++	2.8434328696949063
>>END_MODULE
>>Overrepresented sequences	pass
>>END_MODULE
>>Kmer Content	warn
#Sequence	Count	Obs/Exp Overall	Obs/Exp Max	Max Obs/Exp Position
GTGTG	878910	3.0508494	3.5285754	6
CACAC	890475	3.032409	3.4169936	4
>>END_MODULE