##FastQC	0.10.0
>>Basic Statistics	pass
#Measure	Value	
Filename	tal1.fastq	
File type	Conventional base calls	
Encoding	Sanger / Illumina 1.9	
Total Sequences	10000000	
Filtered Sequences	0	
Sequence length	41	
%GC	44	
>>END_MODULE
>>Per base sequence quality	pass
#Base	Mean	Median	Lower Quartile	Upper Quartile	10th Percentile	90th Percentile
1	37.0293874	39.0	36.0	40.0	33.0	40.0
2	36.6633782	39.0	36.0	40.0	30.0	40.0
3	36.6910289	39.0	36.0	40.0	31.0	40.0
4	36.6352956	39.0	36.0	40.0	30.0	40.0
5	36.6852237	39.0	36.0	40.0	31.0	40.0
6	36.7526104	39.0	36.0	40.0	31.0	40.0
7	36.7337296	39.0	36.0	40.0	31.0	40.0
8	36.6161556	39.0	35.0	40.0	30.0	40.0
9	36.636119	38.0	35.0	40.0	30.0	40.0
10	36.6248801	38.0	35.0	40.0	30.0	40.0
11	36.7360963	39.0	36.0	40.0	31.0	40.0
12	36.6755262	38.0	35.0	40.0	31.0	40.0
13	36.6041865	38.0	35.0	40.0	31.0	40.0
14	36.6196356	38.0	35.0	40.0	31.0	40.0
15	36.5682385	38.0	35.0	40.0	30.0	40.0
16	36.6202397	38.0	35.0	40.0	31.0	40.0
17	36.5671745	38.0	35.0	40.0	31.0	40.0
18	36.4369007	38.0	35.0	40.0	30.0	40.0
19	36.4595017	38.0	35.0	40.0	30.0	40.0
20	36.3654435	38.0	35.0	40.0	30.0	40.0
21	36.3950283	38.0	35.0	40.0	30.0	40.0
22	36.3753727	38.0	35.0	40.0	30.0	40.0
23	36.2925753	38.0	35.0	40.0	30.0	40.0
24	36.190773	38.0	35.0	40.0	30.0	40.0
25	36.1868367	38.0	35.0	40.0	30.0	40.0
26	35.9805218	38.0	35.0	40.0	30.0	40.0
27	35.838277	38.0	35.0	40.0	29.0	40.0
28	35.7593788	38.0	35.0	40.0	29.0	40.0
29	35.6882394	38.0	35.0	40.0	29.0	40.0
30	35.6116664	38.0	35.0	40.0	29.0	40.0
31	35.4818881	38.0	35.0	40.0	28.0	40.0
32	35.3560207	38.0	35.0	40.0	28.0	40.0
33	35.2642945	38.0	35.0	40.0	28.0	40.0
34	35.1525046	38.0	35.0	40.0	28.0	40.0
35	34.9995631	38.0	34.0	39.0	27.0	40.0
36	34.7605583	38.0	34.0	39.0	27.0	40.0
37	34.8110128	38.0	34.0	40.0	27.0	40.0
38	34.8303354	38.0	34.0	40.0	27.0	40.0
39	34.7962078	38.0	34.0	40.0	27.0	40.0
40	34.7585122	38.0	34.0	40.0	27.0	40.0
41	34.8450408	38.0	35.0	40.0	27.0	40.0
>>END_MODULE
>>Per sequence quality scores	pass
#Quality	Count
2	23122.0
3	766.0
4	1099.0
5	1386.0
6	1338.0
7	2131.0
8	3425.0
9	3951.0
10	4031.0
11	5181.0
12	6808.0
13	8068.0
14	10004.0
15	12335.0
16	14913.0
17	17228.0
18	20199.0
19	22155.0
20	25624.0
21	30260.0
22	37524.0
23	46579.0
24	58755.0
25	75669.0
26	96754.0
27	124053.0
28	151982.0
29	182740.0
30	219759.0
31	262877.0
32	312972.0
33	380919.0
34	480948.0
35	641114.0
36	884669.0
37	1258843.0
38	1403306.0
39	3134966.0
40	31547.0
>>END_MODULE
>>Per base sequence content	warn
#Base	G	A	T	C
1	22.984059858693755	28.611300160462054	26.24487658403045	22.15976339681374
2	22.771459999999998	31.01245	27.09796	19.11813
3	23.022280000000002	30.44966	27.268710000000002	19.25935
4	25.58518	29.11437	25.44278	19.85767
5	23.81368	30.623879999999996	26.329970000000003	19.23247
6	23.28248	29.3784	25.228679999999997	22.11044
7	21.608359999999998	28.89312	28.01904	21.479480000000002
8	22.22061	28.40377	27.45958	21.91604
9	21.96823	28.20897	27.59197	22.230829999999997
10	21.98446	29.240329999999997	26.584600000000002	22.19061
11	22.33939	28.640710000000002	27.005829999999996	22.01407
12	22.27216	28.28234	27.492240000000002	21.95326
13	21.93883	28.31432	27.798859999999998	21.94799
14	21.834110000000003	28.362779999999997	27.71419	22.08892
15	21.70105	28.32156	27.85935	22.11804
16	21.84357	28.23426	27.718239999999998	22.20393
17	21.81592	28.32671	27.748929999999998	22.108439999999998
18	21.94576	28.22377	27.63416	22.19631
19	21.97589	28.14532	27.6266	22.25219
20	22.067709999999998	28.082819999999998	27.559309999999996	22.29016
21	22.01052402104804	28.03978607957216	27.6238352476705	22.325854651709303
22	22.07016	28.093649999999997	27.54077	22.29542
23	21.973494174241004	28.101379937938447	27.681438831105748	22.243687056714805
24	22.08986815895248	28.11498312998209	27.530535187430257	22.264613523635177
25	22.10053833212545	28.123975895409302	27.604854559522394	22.17063121294285
26	22.125228040617408	28.090253528260035	27.61036435792533	22.174154073197226
27	22.12658344833091	28.107787558697773	27.6101898802735	22.155439112697824
28	22.252886699026426	27.998954820181655	27.591856880790477	22.15630160000144
29	22.29566246445785	28.02727972271245	27.522508402600028	22.154549410229677
30	22.29969303144038	27.985191927160248	27.503886523618842	22.211228517780526
31	22.279460509818303	27.953106660240163	27.586381519847176	22.181051310094364
32	22.348157663636186	28.05406152642791	27.49816290390213	22.09961790603377
33	22.334576108706862	28.05501600534943	27.510865151615693	22.099542734328015
34	22.374814159222943	28.02791718095169	27.441364500965776	22.15590415885959
35	22.307929240691166	28.05202956283383	27.545279297050122	22.094761899424885
36	22.332082570367927	28.018821481103473	27.578532905072095	22.07056304345651
37	22.285359454143716	28.05850226914818	27.53799448664581	22.118143790062295
38	22.34534181331387	28.036794706660395	27.51720192265642	22.100661557369314
39	22.321606979751177	28.051979332722272	27.51382403502049	22.112589652506067
40	22.355479693857465	28.022552791084614	27.493435468952715	22.128532046105203
41	22.35314228158795	28.11290764231001	27.46702111561345	22.066928960488593
>>END_MODULE
>>Per base GC content	pass
#Base	%GC
1	45.1438232555075
2	41.88959
3	42.28163
4	45.44285
5	43.04615
6	45.39292
7	43.08784
8	44.13665
9	44.19906
10	44.17507
11	44.35346
12	44.22542
13	43.88682
14	43.923030000000004
15	43.81909
16	44.0475
17	43.92436
18	44.14207
19	44.22808
20	44.35787
21	44.33637867275734
22	44.36558
23	44.21718123095581
24	44.354481682587654
25	44.271169545068304
26	44.29938211381463
27	44.282022561028725
28	44.40918829902787
29	44.450211874687525
30	44.51092154922091
31	44.46051181991267
32	44.447775569669965
33	44.434118843034874
34	44.530718318082535
35	44.40269114011605
36	44.40264561382443
37	44.40350324420601
38	44.44600337068319
39	44.43419663225725
40	44.48401173996267
41	44.420071242076546
>>END_MODULE
>>Per sequence GC content	pass
#GC Content	Count
0	309.0
1	369.5
2	430.0
3	430.0
4	658.0
5	886.0
6	1329.5
7	1773.0
8	1773.0
9	2801.0
10	3829.0
11	5863.5
12	7898.0
13	11915.5
14	15933.0
15	15933.0
16	23066.5
17	30200.0
18	41856.5
19	53513.0
20	53513.0
21	71866.0
22	90219.0
23	118034.0
24	145849.0
25	145849.0
26	185309.0
27	224769.0
28	278448.0
29	332127.0
30	400953.0
31	469779.0
32	469779.0
33	543061.0
34	616343.0
35	675967.0
36	735591.0
37	735591.0
38	778713.0
39	821835.0
40	842492.5
41	863150.0
42	863150.0
43	877196.5
44	891243.0
45	890845.0
46	890447.0
47	890447.0
48	876653.0
49	862859.0
50	825053.5
51	787248.0
52	723413.0
53	659578.0
54	659578.0
55	588047.0
56	516516.0
57	444532.5
58	372549.0
59	372549.0
60	310380.0
61	248211.0
62	201531.0
63	154851.0
64	154851.0
65	122783.5
66	90716.0
67	70314.5
68	49913.0
69	49913.0
70	38488.0
71	27063.0
72	21173.5
73	15284.0
74	11972.5
75	8661.0
76	8661.0
77	6776.5
78	4892.0
79	3817.0
80	2742.0
81	2742.0
82	2080.0
83	1418.0
84	1089.5
85	761.0
86	761.0
87	560.0
88	359.0
89	250.5
90	142.0
91	95.0
92	48.0
93	48.0
94	35.5
95	23.0
96	15.0
97	7.0
98	7.0
99	21.5
100	36.0
>>END_MODULE
>>Per base N content	pass
#Base	N-Count
1	0.43752
2	0.0
3	0.0
4	0.0
5	0.0
6	0.0
7	0.0
8	0.0
9	0.0
10	0.0
11	0.0
12	0.0
13	0.0
14	0.0
15	0.0
16	0.0
17	0.0
18	0.0
19	0.0
20	0.0
21	1.9999999999999998E-4
22	0.0
23	0.01217
24	0.0030700000000000002
25	0.00411
26	0.012329999999999999
27	0.01963
28	0.03634
29	0.05177
30	0.08423
31	0.08048000000000001
32	0.10049
33	0.08653000000000001
34	0.09593
35	0.06912
36	0.061
37	0.05721
38	0.07367
39	0.10876
40	0.12233999999999999
41	0.08152
>>END_MODULE
>>Sequence Length Distribution	pass
#Length	Count
41	1.0E7
>>END_MODULE
>>Sequence Duplication Levels	pass
#Total Duplicate Percentage	8.875884049765485
#Duplication Level	Relative count
1	100.0
2	2.1510905429146847
3	0.8055876933624716
4	0.5849080858722201
5	0.406543257488109
6	0.35083772550027853
7	0.2608518661353216
8	0.23728414106354714
9	0.1896130608047307
10++	2.1393066803787977
>>END_MODULE
>>Overrepresented sequences	pass
>>END_MODULE
>>Kmer Content	warn
#Sequence	Count	Obs/Exp Overall	Obs/Exp Max	Max Obs/Exp Position
CACAC	1032090	3.305005	3.6856484	4
GTGTG	974285	3.1540022	4.067704	2
TGTGT	1175370	3.108564	3.8849716	1
ACACA	1220135	3.0031354	3.416735	3
>>END_MODULE
