##FastQC	0.10.0
>>Basic Statistics	pass
#Measure	Value	
Filename	input_artifacts_trim_quality.fastq	
File type	Conventional base calls	
Encoding	Sanger / Illumina 1.9	
Total Sequences	9546484	
Filtered Sequences	0	
Sequence length	30-41	
%GC	42	
>>END_MODULE
>>Per base sequence quality	pass
#Base	Mean	Median	Lower Quartile	Upper Quartile	10th Percentile	90th Percentile
1	37.13716924471879	38.0	36.0	40.0	33.0	40.0
2	36.80672842483159	38.0	36.0	40.0	31.0	40.0
3	36.82306365359226	38.0	36.0	40.0	31.0	40.0
4	36.75889510735052	38.0	35.0	40.0	31.0	40.0
5	36.84133111206178	38.0	36.0	40.0	31.0	40.0
6	36.88179197702526	38.0	36.0	40.0	31.0	40.0
7	36.902362272853544	38.0	36.0	40.0	31.0	40.0
8	36.76937854816496	38.0	35.0	40.0	31.0	40.0
9	36.77798255357679	38.0	35.0	40.0	31.0	40.0
10	36.80689057877225	38.0	35.0	40.0	31.0	40.0
11	36.826987611355136	38.0	36.0	40.0	31.0	40.0
12	36.79619606548338	38.0	35.0	40.0	31.0	40.0
13	36.65649856009815	38.0	35.0	40.0	31.0	40.0
14	36.68636851012373	38.0	35.0	40.0	31.0	40.0
15	36.67150429414641	38.0	35.0	40.0	31.0	40.0
16	36.151705067541094	38.0	35.0	40.0	30.0	40.0
17	36.58851897724859	38.0	35.0	40.0	31.0	40.0
18	36.502875089928395	38.0	35.0	40.0	30.0	40.0
19	36.482650994858425	38.0	35.0	40.0	30.0	40.0
20	36.48035454728673	38.0	35.0	40.0	30.0	40.0
21	36.57671704053555	38.0	35.0	40.0	31.0	40.0
22	36.50923711808452	38.0	35.0	40.0	30.0	40.0
23	36.51133831052354	38.0	35.0	40.0	30.0	40.0
24	36.40445655175245	38.0	35.0	40.0	30.0	40.0
25	36.36133638311236	38.0	35.0	40.0	30.0	40.0
26	36.46478755948263	38.0	35.0	40.0	30.0	40.0
27	36.337419619621215	38.0	35.0	40.0	30.0	40.0
28	36.249339861670535	38.0	35.0	40.0	30.0	40.0
29	36.24826648219386	38.0	35.0	40.0	30.0	40.0
30	36.26063993822228	38.0	35.0	40.0	30.0	40.0
31	36.3053248442758	38.0	35.0	40.0	30.0	40.0
32	36.21420420022356	38.0	35.0	39.0	30.0	40.0
33	36.11118566704654	38.0	35.0	39.0	30.0	40.0
34	36.133199233154194	38.0	35.0	39.0	30.0	40.0
35	36.08396030755795	38.0	35.0	39.0	30.0	40.0
36	36.237751335297574	38.0	35.0	39.0	30.0	40.0
37	36.277223283338	38.0	35.0	40.0	30.0	40.0
38	36.26265552561074	38.0	35.0	40.0	30.0	40.0
39	36.30956809353371	38.0	35.0	40.0	30.0	40.0
40	36.402126388476034	38.0	35.0	40.0	30.0	40.0
41	36.90320735105535	38.0	35.0	40.0	32.0	40.0
>>END_MODULE
>>Per sequence quality scores	pass
#Quality	Count
22	18.0
23	527.0
24	5074.0
25	22499.0
26	60825.0
27	114560.0
28	168353.0
29	214860.0
30	261130.0
31	308163.0
32	363795.0
33	434611.0
34	539645.0
35	697937.0
36	944971.0
37	1298493.0
38	1367725.0
39	2719561.0
40	23737.0
>>END_MODULE
>>Per base sequence content	warn
#Base	G	A	T	C
1	17.325038586818376	30.87193893193783	26.30126805849998	25.501754422743815
2	22.1393866055817	30.185375055360698	30.703492510960057	16.971745828097546
3	22.266449092671188	31.40910307920696	26.86404753833977	19.460400289782083
4	23.165659733992115	30.221074062450636	27.077068374073637	19.53619782948361
5	23.176323345851728	31.364206968764623	27.108105979122787	18.35136370626086
6	21.526564125598494	29.891078223144774	27.382877298071207	21.19948035318553
7	20.610101059196246	29.645113321302375	29.038303526198757	20.706482093302622
8	19.56114942422781	28.542896002339706	30.561764938798408	21.334189634634072
9	20.03771231376913	28.230519215241966	30.705524672748624	21.026243798240273
10	20.664854201819224	29.380649462147527	28.80459444545238	21.149901890580868
11	20.773731983419236	29.32115111699763	28.770560973024207	21.134555926558928
12	20.818439542767788	29.131856293898363	28.782094014927377	21.267610148406472
13	20.812447808009736	29.08557747543494	28.957268456114317	21.14470626044102
14	20.809001513017776	29.126692088940807	28.69259509574415	21.371711302297264
15	20.632381513445157	29.14644805354516	28.663034474262982	21.558135958746696
16	21.462781480595368	29.0015360629107	28.528482318725928	21.007200137768
17	21.246691452057114	28.915850065846232	28.461819032012205	21.37563945008445
18	21.22660028550826	28.84235703951319	28.385853891338424	21.545188783640135
19	21.219927671800423	28.948385604584892	28.389268761148085	21.4424179624666
20	21.276692026090444	28.828802310882207	28.47000005447032	21.424505608557034
21	21.307216353162065	28.880255809363952	28.49235383414459	21.32017400332939
22	21.065045629893227	28.840401224199532	28.72554217087068	21.369010975036566
23	20.920711681383985	28.90160470951388	28.976931037180996	21.20075257192114
24	21.003039863907954	28.84477838952158	28.911954982359987	21.240226764210473
25	20.798223929706367	28.904498616189922	29.04540935501912	21.251868099084597
26	20.897421823180924	28.853773282510875	29.163333834742094	21.085471059566103
27	20.99035783279556	28.6988746876533	29.178662675836275	21.132104803714856
28	21.036675428242443	28.760008665202637	28.919076728525656	21.28423917802927
29	20.99386775420862	28.796718686510893	28.881588188913938	21.327825370366547
30	21.118854337673394	28.826266382077947	28.74730474540791	21.307574534840747
31	21.16688816915776	28.777687109985877	28.75874927825819	21.296675442598172
32	21.231480831186804	28.838903671734556	28.63028250988537	21.299332987193274
33	21.33030329700909	28.819113261134564	28.657907177380977	21.19267626447537
34	21.33855791892784	28.875598424599925	28.544919406557916	21.24092424991432
35	21.289504901492386	28.90486407625264	28.593638536838473	21.211992485416502
36	21.260781332523813	28.863699534653758	28.668684490636075	21.206834642186355
37	21.25880816928783	28.861718768199523	28.687067445715858	21.19240561679679
38	21.30725438530227	28.86307739090966	28.664422968072127	21.16524525571594
39	21.258124118062405	28.900686295131994	28.671428084388122	21.16976150241748
40	21.25628169377407	28.882511211148564	28.73523989699298	21.125967198084386
41	21.460039365787782	28.98492066213128	28.502986062267787	21.052053909813154
>>END_MODULE
>>Per base GC content	pass
#Base	%GC
1	42.826793009562195
2	39.111132433679245
3	41.72684938245327
4	42.70185756347573
5	41.52768705211259
6	42.72604447878402
7	41.31658315249887
8	40.89533905886188
9	41.0639561120094
10	41.81475609240009
11	41.908287909978164
12	42.08604969117426
13	41.957154068450755
14	42.18071281531504
15	42.19051747219186
16	42.46998161836337
17	42.62233090214156
18	42.77178906914839
19	42.66234563426703
20	42.70119763464748
21	42.62739035649146
22	42.43405660492979
23	42.12146425330513
24	42.24326662811843
25	42.05009202879096
26	41.982892882747024
27	42.12246263651042
28	42.320914606271714
29	42.32169312457516
30	42.426428872514144
31	42.46356361175593
32	42.53081381838008
33	42.52297956148446
34	42.57948216884216
35	42.50149738690889
36	42.467615974710164
37	42.451213786084615
38	42.47249964101821
39	42.42788562047989
40	42.38224889185845
41	42.51209327560093
>>END_MODULE
>>Per sequence GC content	pass
#GC Content	Count
0	259.0
1	349.5
2	455.0
3	470.0
4	687.5
5	944.5
6	1481.0
7	2029.5
8	2111.0
9	3291.5
10	4490.0
11	7101.0
12	9721.5
13	14725.5
14	19785.5
15	19993.5
16	29106.5
17	38191.0
18	53060.0
19	68279.5
20	68830.5
21	92146.5
22	115668.0
23	150281.5
24	185520.0
25	186948.0
26	235021.5
27	283307.0
28	348049.5
29	413486.5
30	492459.0
31	571603.0
32	574002.5
33	650399.0
34	727506.0
35	778124.5
36	828840.5
37	831072.5
38	855507.5
39	880625.5
40	875682.5
41	869819.0
42	870510.0
43	859881.0
44	849309.5
45	826264.5
46	802819.0
47	803040.0
48	773017.0
49	742595.0
50	694007.0
51	644568.0
52	581513.5
53	518459.0
54	515910.0
55	450833.0
56	385227.0
57	324506.5
58	264913.0
59	262009.5
60	213705.0
61	165713.0
62	131621.5
63	98581.5
64	96595.5
65	74047.5
66	52115.5
67	39465.0
68	27097.0
69	26203.5
70	19489.5
71	12972.0
72	9779.5
73	6692.5
74	5145.0
75	3658.5
76	3480.5
77	2652.0
78	1866.5
79	1435.0
80	1041.5
81	979.5
82	745.5
83	550.5
84	432.5
85	310.5
86	288.5
87	216.5
88	149.5
89	104.0
90	59.5
91	39.5
92	22.0
93	18.0
94	15.0
95	11.5
96	7.0
97	4.0
98	3.0
99	1.0
100	0.0
>>END_MODULE
>>Per base N content	pass
#Base	N-Count
1	0.06608715837160571
2	0.0
3	0.0
4	0.0
5	0.0
6	0.0
7	0.0
8	0.0
9	0.0
10	0.0
11	0.0
12	0.0
13	0.0
14	0.0
15	0.0
16	0.0
17	0.0
18	0.0
19	0.0
20	0.0
21	0.0
22	1.0475060765827504E-5
23	2.1997627608237756E-4
24	4.1900243063310014E-5
25	1.5712591148741252E-4
26	5.028029167597201E-4
27	0.006295511520262329
28	0.002681615556051841
29	6.599288282471326E-4
30	7.961046182028901E-4
31	1.052101651957409E-5
32	0.008465008612935691
33	5.164807968223572E-4
34	0.00430764799674308
35	4.23738599048156E-5
36	3.2022164461353565E-5
37	0.0
38	0.006130669277568565
39	0.009026280842115555
40	3.445182993586254E-4
41	0.0
>>END_MODULE
>>Sequence Length Distribution	warn
#Length	Count
30	41699.0
31	6862.0
32	10639.0
33	15758.0
34	31744.0
35	71271.0
36	10437.0
37	11623.0
38	18135.0
39	39985.0
40	159084.0
41	9129247.0
>>END_MODULE
>>Sequence Duplication Levels	pass
#Total Duplicate Percentage	10.430473980615382
#Duplication Level	Relative count
1	100.0
2	1.8581883338370537
3	0.9066966020465438
4	0.6433228271663572
5	0.5245887483269289
6	0.4333793877639135
7	0.3216614135831786
8	0.284422088856267
9	0.24988126592116058
10++	2.717931004706187
>>END_MODULE
>>Overrepresented sequences	pass
>>END_MODULE
>>Kmer Content	warn
#Sequence	Count	Obs/Exp Overall	Obs/Exp Max	Max Obs/Exp Position
GTGTG	822930	3.039739	3.4659917	6
>>END_MODULE