##FastQC	0.10.0
>>Basic Statistics	pass
#Measure	Value	
Filename	tal1_artifacts_trim_quality.fastq	
File type	Conventional base calls	
Encoding	Sanger / Illumina 1.9	
Total Sequences	9621097	
Filtered Sequences	0	
Sequence length	30-41	
%GC	44	
>>END_MODULE
>>Per base sequence quality	pass
#Base	Mean	Median	Lower Quartile	Upper Quartile	10th Percentile	90th Percentile
1	37.40821800258328	39.0	36.0	40.0	33.0	40.0
2	37.102309850945275	39.0	36.0	40.0	32.0	40.0
3	37.135584538852484	39.0	36.0	40.0	32.0	40.0
4	37.08846434039694	39.0	36.0	40.0	32.0	40.0
5	37.14275856484973	39.0	36.0	40.0	33.0	40.0
6	37.211728766480576	39.0	36.0	40.0	33.0	40.0
7	37.19088280681507	39.0	36.0	40.0	33.0	40.0
8	37.07647984424229	39.0	36.0	40.0	32.0	40.0
9	37.0996559955689	39.0	36.0	40.0	32.0	40.0
10	37.09403075345774	39.0	36.0	40.0	32.0	40.0
11	37.16962026263741	39.0	36.0	40.0	33.0	40.0
12	37.11067407386081	39.0	36.0	40.0	32.0	40.0
13	37.0429214049084	39.0	36.0	40.0	32.0	40.0
14	37.064488384224795	39.0	36.0	40.0	32.0	40.0
15	37.02142302483802	39.0	36.0	40.0	31.0	40.0
16	37.08975837162851	39.0	36.0	40.0	32.0	40.0
17	37.040210695308446	39.0	36.0	40.0	32.0	40.0
18	36.917858119505496	38.0	36.0	40.0	31.0	40.0
19	36.95127052559599	38.0	36.0	40.0	31.0	40.0
20	36.876718112290106	38.0	36.0	40.0	31.0	40.0
21	36.94073919013601	38.0	36.0	40.0	31.0	40.0
22	36.929889491811586	38.0	36.0	40.0	31.0	40.0
23	36.862235979951144	38.0	36.0	40.0	31.0	40.0
24	36.78406131857937	38.0	35.0	40.0	31.0	40.0
25	36.8183856788888	38.0	35.0	40.0	31.0	40.0
26	36.74734242883114	38.0	35.0	40.0	31.0	40.0
27	36.6191184851374	38.0	35.0	40.0	31.0	40.0
28	36.564202606002205	38.0	35.0	40.0	31.0	40.0
29	36.5259046863367	38.0	35.0	40.0	30.0	40.0
30	36.52170828336935	38.0	35.0	40.0	31.0	40.0
31	36.5315989273704	38.0	35.0	40.0	31.0	40.0
32	36.4309846089123	38.0	35.0	40.0	30.0	40.0
33	36.38038293046739	38.0	35.0	40.0	30.0	40.0
34	36.3366063187714	38.0	35.0	40.0	30.0	40.0
35	36.30545296751266	38.0	35.0	40.0	30.0	40.0
36	36.29534016546455	38.0	35.0	40.0	30.0	40.0
37	36.39540507846915	38.0	35.0	40.0	30.0	40.0
38	36.4612934711058	38.0	35.0	40.0	30.0	40.0
39	36.49296401295627	38.0	35.0	40.0	30.0	40.0
40	36.57920580429051	38.0	35.0	40.0	31.0	40.0
41	37.04060086089246	38.0	36.0	40.0	32.0	40.0
>>END_MODULE
>>Per sequence quality scores	pass
#Quality	Count
22	18.0
23	427.0
24	3933.0
25	18157.0
26	49808.0
27	96158.0
28	143189.0
29	184046.0
30	226927.0
31	272259.0
32	322990.0
33	392271.0
34	493497.0
35	655679.0
36	898076.0
37	1271415.0
38	1413354.0
39	3147246.0
40	31647.0
>>END_MODULE
>>Per base sequence content	warn
#Base	G	A	T	C
1	22.91348554850461	28.593817045332205	26.332174009829025	22.160523396334167
2	22.748123212976648	31.009104263266448	27.127291201824487	19.115481321932414
3	22.99340709276707	30.45694269582772	27.287293746232887	19.26235646517232
4	25.539488896120684	29.127146311901853	25.4911991844589	19.84216560751856
5	23.74707374845093	30.64266995749029	26.38523444883676	19.225021845222017
6	23.237578833266102	29.39607614391581	25.27013291727544	22.09621210554264
7	21.559391824030048	28.903242530451568	28.068254586769054	21.46911105874933
8	22.17019535298314	28.4132568250793	27.513484169216877	21.903063652720682
9	21.91372771732787	28.236624160425784	27.642450751717814	22.207197370528537
10	21.931501158339845	29.256040137626716	26.640880972304927	22.17157773172851
11	22.277324508837193	28.670327302593456	27.055656958868617	21.99669122970073
12	22.215585187427173	28.306408302504384	27.54284672527467	21.935159784793772
13	21.88328420345414	28.34110289086577	27.853268707300217	21.92234419837987
14	21.777527032520304	28.38583791432516	27.76466134786917	22.071973705285373
15	21.6348717822926	28.35488510301892	27.916099380351326	22.094143734337155
16	21.78019824558468	28.263731256425334	27.769868654270923	22.18620184371907
17	21.740753679128275	28.35933366018449	27.807276030997297	22.09263662968994
18	21.868784817365423	28.2615173716677	27.692476232180173	22.177221578786703
19	21.890507911935615	28.189186742426564	27.68889036250232	22.2314149831355
20	21.971517385179673	28.12973406255025	27.62991579858305	22.268832753687025
21	21.91393302774769	28.096663485807067	27.69386085088705	22.2955426355582
22	21.973502605783935	28.146343395145063	27.61068722204963	22.269466777021375
23	21.87115312954589	28.16482678656161	27.752702651433452	22.211317432459047
24	21.988687984332763	28.166840018347177	27.600376547497653	22.244095449822407
25	21.938506596493102	28.20149303140796	27.7069964059192	22.15300396617974
26	22.00056001935746	28.155399343276482	27.682698520002297	22.161342117363763
27	21.99737948129279	28.180554279411403	27.685366463098	22.13669977619781
28	22.11769298818106	28.068250903006813	27.662904757583817	22.15115135122831
29	22.149865030983474	28.099997328786934	27.600241427770662	22.149896212458934
30	22.16029938878082	28.056846865715237	27.58311952008822	22.19973422541572
31	22.127834510132818	28.040988398852058	27.66658477391861	22.164592317096513
32	22.19586906103363	28.13999534563273	27.57984182671799	22.084293766615655
33	22.169371446401694	28.14715460127652	27.604919444277716	22.07855450804407
34	22.19711723872468	28.12132293507873	27.54387804803177	22.137681778164815
35	22.114747832536736	28.143310539175804	27.660832102381548	22.081109525905912
36	22.1052968182158	28.118067833817122	27.707699478558155	22.06893586940892
37	22.05600775304738	28.175016860673065	27.662666536912102	22.106308849367455
38	22.111035796448313	28.162219858290026	27.63848692960377	22.088257415657896
39	22.073396778402728	28.1823083328282	27.637697388500555	22.106597500268517
40	22.084450262624053	28.157538777653507	27.645026091603448	22.11298486811899
41	22.261352163724254	28.218033311663316	27.424710961230115	22.095903563382315
>>END_MODULE
>>Per base GC content	pass
#Base	%GC
1	45.07400894483877
2	41.863604534909065
3	42.25576355793939
4	45.38165450363924
5	42.97209559367295
6	45.33379093880875
7	43.02850288277937
8	44.07325900570382
9	44.120925087856406
10	44.10307889006836
11	44.274015738537926
12	44.15074497222095
13	43.805628401834014
14	43.84950073780568
15	43.72901551662976
16	43.96640008930375
17	43.83339030881822
18	44.04600639615212
19	44.121922895071116
20	44.2403501388667
21	44.209475663305895
22	44.242969382805306
23	44.082470562004936
24	44.23278343415517
25	44.091510562672845
26	44.161902136721224
27	44.1340792574906
28	44.26884433940937
29	44.299761243442404
30	44.360033614196546
31	44.29242682722933
32	44.280162827649285
33	44.24792595444577
34	44.3347990168895
35	44.195857358442645
36	44.17423268762472
37	44.16231660241483
38	44.19929321210621
39	44.179994278671245
40	44.197435130743045
41	44.35725572710657
>>END_MODULE
>>Per sequence GC content	pass
#GC Content	Count
0	233.0
1	308.0
2	397.5
3	412.0
4	631.0
5	874.0
6	1326.0
7	1774.5
8	1840.5
9	2832.0
10	3824.0
11	5769.0
12	7703.0
13	11500.0
14	15351.0
15	15476.5
16	22389.0
17	29311.5
18	40447.5
19	51760.0
20	52046.5
21	69866.5
22	87846.5
23	114420.5
24	141421.0
25	142314.0
26	180643.5
27	219196.0
28	271072.5
29	323307.0
30	389755.0
31	456485.5
32	458267.0
33	528586.0
34	599404.5
35	656595.0
36	714320.5
37	716543.5
38	756928.5
39	798189.0
40	817807.5
41	837173.5
42	838986.5
43	851061.5
44	863386.5
45	862509.0
46	861603.0
47	863186.0
48	848762.0
49	834094.0
50	797434.5
51	759614.0
52	698313.0
53	636687.5
54	634622.5
55	565649.0
56	495861.5
57	426941.0
58	358846.5
59	355738.0
60	295962.5
61	236392.5
62	191877.0
63	148585.0
64	146247.5
65	115458.5
66	85350.0
67	66174.5
68	47368.0
69	46020.5
70	35375.0
71	25029.0
72	19522.0
73	14220.5
74	11220.5
75	8266.5
76	7838.0
77	6073.0
78	4453.0
79	3440.5
80	2471.0
81	2345.5
82	1783.5
83	1255.5
84	949.5
85	642.0
86	575.0
87	421.5
88	292.0
89	221.5
90	145.5
91	94.0
92	44.0
93	27.5
94	21.0
95	14.0
96	7.0
97	2.0
98	1.5
99	0.5
100	0.0
>>END_MODULE
>>Per base N content	pass
#Base	N-Count
1	0.08036505608456083
2	0.0
3	0.0
4	0.0
5	0.0
6	0.0
7	0.0
8	0.0
9	0.0
10	0.0
11	0.0
12	0.0
13	0.0
14	0.0
15	0.0
16	0.0
17	0.0
18	0.0
19	0.0
20	0.0
21	8.315060122561907E-5
22	0.0
23	0.0046980089692474775
24	0.0
25	0.0
26	1.0393825153202384E-5
27	0.0010497763404734408
28	0.0019124638281892386
29	0.0
30	0.001683799674818786
31	5.009556773202545E-4
32	0.007290196398726533
33	0.0016835096051542582
34	0.004222012925854958
35	3.1535902521263875E-5
36	0.0
37	3.1802579761665106E-5
38	0.005349342869315342
39	0.005635935575939446
40	0.0012596487224012833
41	0.0
>>END_MODULE
>>Sequence Length Distribution	warn
#Length	Count
30	39411.0
31	7184.0
32	11147.0
33	18145.0
34	32243.0
35	68769.0
36	11001.0
37	11479.0
38	17778.0
39	36249.0
40	149118.0
41	9218573.0
>>END_MODULE
>>Sequence Duplication Levels	pass
#Total Duplicate Percentage	8.721804511278195
#Duplication Level	Relative count
1	100.0
2	2.106377971287362
3	0.824792999422324
4	0.5750016046556409
5	0.3974197137294337
6	0.33858234022978667
7	0.2636984103211451
8	0.22411690451229166
9	0.17972143178073985
10++	2.0673313506921414
>>END_MODULE
>>Overrepresented sequences	pass
>>END_MODULE
>>Kmer Content	warn
#Sequence	Count	Obs/Exp Overall	Obs/Exp Max	Max Obs/Exp Position
CACAC	978450	3.2629185	3.5510397	4
GTGTG	919905	3.143661	3.905701	2
TGTGT	1111235	3.0751512	3.753078	1
>>END_MODULE