##FastQC	0.10.0
>>Basic Statistics	pass
#Measure	Value	
Filename	gata1.fastq	
File type	Conventional base calls	
Encoding	Sanger / Illumina 1.9	
Total Sequences	10000000	
Filtered Sequences	0	
Sequence length	41	
%GC	43	
>>END_MODULE
>>Per base sequence quality	pass
#Base	Mean	Median	Lower Quartile	Upper Quartile	10th Percentile	90th Percentile
1	36.6430275	38.0	35.0	40.0	31.0	40.0
2	36.2264087	38.0	35.0	40.0	30.0	40.0
3	36.2677283	38.0	35.0	40.0	30.0	40.0
4	36.1998717	38.0	35.0	40.0	29.0	40.0
5	36.2553955	38.0	35.0	40.0	30.0	40.0
6	36.3271514	38.0	35.0	40.0	30.0	40.0
7	36.3150677	38.0	35.0	40.0	30.0	40.0
8	36.1917543	38.0	35.0	40.0	29.0	40.0
9	36.1998053	38.0	35.0	40.0	29.0	40.0
10	36.2167862	38.0	35.0	40.0	30.0	40.0
11	36.3214206	38.0	35.0	40.0	30.0	40.0
12	36.2857776	38.0	35.0	40.0	30.0	40.0
13	36.1741797	38.0	35.0	40.0	30.0	40.0
14	36.2091243	38.0	35.0	40.0	30.0	40.0
15	36.1516107	38.0	35.0	40.0	29.0	40.0
16	36.1875287	38.0	35.0	40.0	30.0	40.0
17	36.154111	38.0	35.0	40.0	30.0	40.0
18	36.0123605	38.0	35.0	40.0	29.0	40.0
19	36.0394764	38.0	35.0	40.0	29.0	40.0
20	35.9354391	38.0	35.0	40.0	29.0	40.0
21	35.9452961	38.0	35.0	40.0	29.0	40.0
22	35.8368124	38.0	35.0	40.0	29.0	40.0
23	35.7375262	38.0	35.0	40.0	29.0	40.0
24	35.6504788	38.0	35.0	40.0	28.0	40.0
25	35.6383459	38.0	35.0	40.0	29.0	40.0
26	35.5045766	38.0	35.0	40.0	28.0	40.0
27	35.2851991	38.0	34.0	39.0	28.0	40.0
28	35.2238424	38.0	34.0	39.0	28.0	40.0
29	35.2063637	38.0	34.0	39.0	28.0	40.0
30	35.0913583	38.0	33.0	39.0	28.0	40.0
31	35.0027629	38.0	34.0	39.0	27.0	40.0
32	34.8746515	38.0	33.0	39.0	27.0	40.0
33	34.7843423	38.0	33.0	39.0	27.0	40.0
34	34.6696893	38.0	33.0	39.0	27.0	40.0
35	34.516277	38.0	33.0	39.0	26.0	40.0
36	34.2977037	38.0	33.0	39.0	26.0	40.0
37	34.3440472	38.0	33.0	39.0	26.0	40.0
38	34.37507	38.0	33.0	39.0	26.0	40.0
39	34.334798	38.0	33.0	39.0	26.0	40.0
40	34.2657895	38.0	33.0	39.0	26.0	40.0
41	34.3587343	38.0	34.0	39.0	26.0	40.0
>>END_MODULE
>>Per sequence quality scores	pass
#Quality	Count
2	31660.0
3	1014.0
4	1390.0
5	1873.0
6	1715.0
7	2796.0
8	4287.0
9	5055.0
10	5107.0
11	6746.0
12	8382.0
13	9901.0
14	12016.0
15	15283.0
16	18079.0
17	20937.0
18	23593.0
19	26737.0
20	30352.0
21	36501.0
22	44778.0
23	55161.0
24	69252.0
25	88605.0
26	113877.0
27	144205.0
28	176664.0
29	211067.0
30	251765.0
31	298874.0
32	353554.0
33	423808.0
34	528587.0
35	687289.0
36	926164.0
37	1264170.0
38	1344940.0
39	2732728.0
40	21088.0
>>END_MODULE
>>Per base sequence content	warn
#Base	G	A	T	C
1	21.794058590320713	29.70348378760675	27.456374459447154	21.046083162625386
2	23.758779999999998	29.043940000000003	29.291040000000002	17.90624
3	21.44761	30.200280000000003	27.78737	20.56474
4	23.66674	29.785159999999998	27.317380000000004	19.23072
5	24.21985	30.479260000000004	26.63588	18.665010000000002
6	22.22797	29.539140000000003	27.10321	21.12968
7	21.22142	29.547250000000002	28.429140000000004	20.80219
8	20.63197	28.44101	29.44615	21.48087
9	21.0657	27.881709999999998	29.48966	21.562929999999998
10	21.67604	29.01468	27.72074	21.588540000000002
11	21.72554	28.748849999999997	27.875870000000003	21.64974
12	21.56875	28.599000000000004	27.92557	21.90668
13	21.40504	28.74838	28.005750000000003	21.84083
14	21.31525	28.59443	28.098840000000003	21.99148
15	21.29674	28.76684	27.9502	21.98622
16	21.68507	28.53698	27.889760000000003	21.888189999999998
17	21.77442	28.54746	27.838220000000003	21.8399
18	21.88025	28.542240000000003	27.64547	21.93204
19	22.04428	28.418909999999997	27.619909999999997	21.916900000000002
20	22.085340000000002	28.33583	27.59787	21.98096
21	22.10314221031422	28.372742837274284	27.613022761302275	21.91109219110922
22	21.928919999999998	28.28413	27.88738	21.899569999999997
23	21.886441565060828	28.143018269297993	28.05395365379459	21.916586511846596
24	21.96028066871335	28.159628180559725	27.91365002737202	21.966441123354905
25	21.91299340708837	28.150393627635445	28.031949825589404	21.904663139686782
26	21.94634578461241	28.097546426877933	28.06439097943792	21.89171680907173
27	21.963489620445202	28.184021002760172	27.95427330713856	21.89821606965606
28	22.022309830750594	28.196556991504018	27.840992188258078	21.94014098948731
29	22.130620402289424	28.182760271138363	27.76523952716466	21.921379799407557
30	22.163473702583943	28.15391442690785	27.659016337001496	22.023595533506708
31	22.18046565027132	28.14772686104689	27.66973909726143	22.00206839142036
32	22.15005956905676	28.2497968485957	27.64933154729599	21.950812035051552
33	22.24719029154994	28.177469829730622	27.667315227085055	21.908024651634385
34	22.233363236580995	28.176355962815347	27.645794346594688	21.944486454008967
35	22.230229002133512	28.187066443041676	27.693356896682854	21.889347658141965
36	22.270540609910405	28.13811267096849	27.64120645203576	21.95014026708534
37	22.139068423982714	28.243878630407714	27.729467061930702	21.88758588367887
38	22.193750915756784	28.26262623432004	27.699801115641964	21.84382173428121
39	22.21080573252616	28.241515522488115	27.694935643835954	21.852743101149766
40	22.291356285152446	28.187349260846833	27.66590331046135	21.85539114353937
41	22.209500582682228	28.280975335187403	27.701145467989306	21.808378614141063
>>END_MODULE
>>Per base GC content	pass
#Base	%GC
1	42.840141752946096
2	41.665020000000005
3	42.01235
4	42.897459999999995
5	42.88486
6	43.35765
7	42.02361
8	42.11284
9	42.62863
10	43.26458
11	43.37528
12	43.475429999999996
13	43.24587
14	43.30673
15	43.282959999999996
16	43.573260000000005
17	43.61432
18	43.81229
19	43.96118
20	44.066300000000005
21	44.014234401423444
22	43.828489999999995
23	43.80302807690742
24	43.92672179206826
25	43.817656546775154
26	43.83806259368414
27	43.86170569010127
28	43.962450820237905
29	44.05200020169698
30	44.18706923609065
31	44.18253404169168
32	44.10087160410831
33	44.155214943184326
34	44.177849690589966
35	44.11957666027547
36	44.22068087699575
37	44.02665430766158
38	44.037572650037994
39	44.06354883367593
40	44.14674742869181
41	44.01787919682329
>>END_MODULE
>>Per sequence GC content	pass
#GC Content	Count
0	214.0
1	283.0
2	352.0
3	352.0
4	555.0
5	758.0
6	1188.0
7	1618.0
8	1618.0
9	2544.5
10	3471.0
11	5625.0
12	7779.0
13	12031.5
14	16284.0
15	16284.0
16	24393.5
17	32503.0
18	46134.0
19	59765.0
20	59765.0
21	81624.5
22	103484.0
23	136131.5
24	168779.0
25	168779.0
26	213311.5
27	257844.0
28	315831.0
29	373818.0
30	445695.0
31	517572.0
32	517572.0
33	590985.0
34	664398.0
35	722909.0
36	781420.0
37	781420.0
38	818499.0
39	855578.0
40	867979.0
41	880380.0
42	880380.0
43	885237.5
44	890095.0
45	875848.5
46	861602.0
47	861602.0
48	836357.5
49	811113.0
50	766515.0
51	721917.0
52	660835.5
53	599754.0
54	599754.0
55	533534.5
56	467315.0
57	402088.5
58	336862.0
59	336862.0
60	282070.0
61	227278.0
62	185777.5
63	144277.0
64	144277.0
65	115661.0
66	87045.0
67	69368.5
68	51692.0
69	51692.0
70	40835.5
71	29979.0
72	24108.5
73	18238.0
74	14865.0
75	11492.0
76	11492.0
77	9123.5
78	6755.0
79	5371.0
80	3987.0
81	3987.0
82	3143.0
83	2299.0
84	1743.5
85	1188.0
86	1188.0
87	915.5
88	643.0
89	462.0
90	281.0
91	190.0
92	99.0
93	99.0
94	67.5
95	36.0
96	23.5
97	11.0
98	11.0
99	18.0
100	25.0
>>END_MODULE
>>Per base N content	pass
#Base	N-Count
1	0.40983
2	0.0
3	0.0
4	0.0
5	0.0
6	0.0
7	0.0
8	0.0
9	0.0
10	0.0
11	0.0
12	0.0
13	0.0
14	0.0
15	0.0
16	0.0
17	0.0
18	0.0
19	0.0
20	0.0
21	9.999999999999999E-6
22	0.0
23	0.01641
24	0.00738
25	0.00321
26	0.01643
27	0.02076
28	0.0351
29	0.04808
30	0.08448
31	0.07694000000000001
32	0.09913999999999999
33	0.08127
34	0.08889
35	0.0708
36	0.06565
37	0.05668
38	0.08264
39	0.11524000000000001
40	0.12963
41	0.08276
>>END_MODULE
>>Sequence Length Distribution	pass
#Length	Count
41	1.0E7
>>END_MODULE
>>Sequence Duplication Levels	pass
#Total Duplicate Percentage	8.504266592166722
#Duplication Level	Relative count
1	100.0
2	2.3880948809702374
3	0.7874606269686516
4	0.5356875013392187
5	0.3856950009642375
6	0.3385545008463863
7	0.26784375066960936
8	0.2089181255222953
9	0.1773125629432814
10++	2.047933317619833
>>END_MODULE
>>Overrepresented sequences	pass
>>END_MODULE
>>Kmer Content	pass
>>END_MODULE
